-89.80760097503662	3.2477188110351562
-87.92710494995117	-18.758941650390625
-82.74492645263672	-32.12113952636719
-82.20181655883789	-7.2813568115234375
-81.19876480102539	0.7302474975585938
-82.14928436279297	11.802360534667969
-75.71366119384766	-43.936485290527344
-75.76811790466309	-24.983352661132812
-75.4091911315918	6.7150726318359375
-78.10465049743652	28.127487182617188
-76.90494155883789	41.49235534667969
-68.10148429870605	-47.196380615234375
-71.5544548034668	-37.01352310180664
-73.00664901733398	-16.46227264404297
-69.091796875	-3.3304290771484375
-67.8635025024414	12.53143310546875
-71.88774108886719	20.146148681640625
-71.88687324523926	33.8060302734375
-68.64771270751953	54.55332946777344
-63.264404296875	-31.848548889160156
-67.38201904296875	-23.30634307861328
-67.42525482177734	4.8806915283203125
-63.092647552490234	25.896095275878906
-65.5808334350586	39.98876953125
-62.01930618286133	-52.323917388916016
-61.495521545410156	-40.17537307739258
-57.27855682373047	-21.263229370117188
-60.666419982910156	-11.312332153320312
-58.133384704589844	33.876068115234375
-57.29716873168945	41.77775573730469
-60.726200103759766	50.00323486328125
-54.96192169189453	-60.106414794921875
-54.67463302612305	-50.27212905883789
-53.71880340576172	-42.712799072265625
-52.07655715942383	-10.170906066894531
-54.644432067871094	-0.96978759765625
-56.80787658691406	12.682472229003906
-55.02953338623047	26.222023010253906
-56.554588317871094	62.51890563964844
-50.76020812988281	-73.88777542114258
-46.87646484375	-61.648345947265625
-48.96323013305664	-32.608489990234375
-47.24919509887695	1.4709625244140625
-47.1763916015625	11.081069946289062
-47.21381759643555	20.255699157714844
-49.1734504699707	32.90336608886719
-48.217159271240234	42.79771423339844
-47.738033294677734	54.05718994140625
-45.04507064819336	-53.856082916259766
-45.94837188720703	-25.519363403320312
-44.18232727050781	-17.077896118164062
-45.15046310424805	-6.465019226074219
-42.16033172607422	37.303924560546875
-43.90060806274414	68.89437866210938
-43.590858459472656	77.04518127441406
-39.338783264160156	-72.54089736938477
-38.949623107910156	-62.396026611328125
-40.737815856933594	-41.17597579956055
-37.25920104980469	-6.332550048828125
-37.155338287353516	3.4902114868164062
-38.96159362792969	14.410087585449219
-38.83775329589844	25.088470458984375
-38.632347106933594	50.718292236328125
-36.933837890625	62.21055603027344
-32.823143005371094	-78.99979972839355
-30.730857849121094	-58.38470458984375
-34.54894256591797	-50.09740447998047
-32.577728271484375	-41.439151763916016
-34.95409393310547	-27.219833374023438
-31.076141357421875	-19.022903442382812
-31.974960327148438	37.56553649902344
-34.206626892089844	70.16325378417969
-30.40917205810547	76.95025634765625
-25.491249084472656	-73.45927619934082
-27.35655975341797	-65.61039352416992
-24.979690551757812	-44.27813720703125
-28.595489501953125	-33.06468200683594
-26.790008544921875	-5.1763458251953125
-25.089584350585938	6.939765930175781
-28.30040740966797	14.753189086914062
-27.145751953125	23.5211181640625
-28.980751037597656	50.03443908691406
-29.941368103027344	58.5335693359375
-21.716773986816406	-59.24971008300781
-21.263389587402344	-29.80352020263672
-24.206161499023438	-13.698249816894531
-20.01831817626953	28.850723266601562
-23.648422241210938	43.003753662109375
-21.489158630371094	51.492919921875
-19.55504608154297	60.7208251953125
-24.705772399902344	71.01786804199219
-20.13111114501953	78.96600341796875
-16.62804412841797	-81.03094482421875
-17.82880401611328	-68.57226371765137
-14.081314086914062	-59.24626159667969
-16.261642456054688	-46.078697204589844
-17.95343017578125	-37.520751953125
-16.30462646484375	-23.633453369140625
-15.957405090332031	-12.815071105957031
-17.474838256835938	8.544784545898438
-14.882133483886719	16.47112274169922
-15.833389282226562	69.8455810546875
-8.821243286132812	-66.47618103027344
-11.412239074707031	-52.07320022583008
-12.937576293945312	-4.243492126464844
-12.156074523925781	33.970550537109375
-13.022499084472656	42.46339416503906
-12.304412841796875	52.58013916015625
-9.652534484863281	64.08685302734375
-9.575363159179688	75.87001037597656
-5.7855682373046875	-83.08901596069336
-8.0284423828125	-74.98056411743164
-5.493049621582031	-58.6848030090332
-7.662567138671875	-42.8106575012207
-7.848388671875	-30.622787475585938
-5.5462646484375	-23.309677124023438
-4.0309906005859375	-13.372779846191406
-6.2470245361328125	1.6211700439453125
-7.712005615234375	9.459579467773438
-8.210502624511719	22.64990997314453
-4.315673828125	41.21180725097656
-5.64385986328125	83.20516967773438
-3.0638809204101562	-50.16783905029297
0.02085113525390625	-41.3587760925293
1.8971023559570312	-18.994857788085938
-1.2215576171875	14.637100219726562
-3.3051834106445312	28.87481689453125
0.08837127685546875	54.34954833984375
1.97479248046875	61.85334777832031
0.2561492919921875	70.02738952636719
3.632080078125	-82.27291870117188
4.092582702636719	-74.6191291809082
4.7191314697265625	-66.96710205078125
5.077972412109375	-55.9156608581543
4.1135711669921875	-27.238998413085938
6.783966064453125	-5.564506530761719
2.7893524169921875	1.1607131958007812
5.391326904296875	10.256996154785156
6.700355529785156	23.918655395507812
4.5321197509765625	34.90657043457031
5.467498779296875	77.2728271484375
11.783950805664062	-88.05514717102051
8.603797912597656	-47.33335876464844
11.120353698730469	-38.09568405151367
9.235435485839844	-16.96680450439453
10.167312622070312	3.2144851684570312
12.059944152832031	15.176490783691406
7.7648468017578125	45.221923828125
9.837554931640625	58.76042175292969
9.318740844726562	66.41419982910156
9.20892333984375	87.19271850585938
14.516151428222656	-72.87632179260254
16.28052520751953	-65.34572219848633
16.648651123046875	-55.747493743896484
15.704917907714844	-23.89313507080078
15.700302124023438	-6.3824920654296875
13.846969604492188	26.59087371826172
16.783363342285156	35.80909729003906
12.829460144042969	51.56526184082031
17.04297637939453	63.21263122558594
14.458000183105469	72.60212707519531
16.00299072265625	82.87385559082031
18.27300262451172	-83.87834930419922
20.76287078857422	-46.14279556274414
22.281005859375	-33.29161834716797
21.601646423339844	-17.70245361328125
19.82880401611328	4.8356475830078125
23.528480529785156	39.63816833496094
19.346511840820312	47.6361083984375
19.735549926757812	55.29119873046875
23.085784912109375	69.99508666992188
24.97241973876953	-77.63763618469238
26.10913848876953	-62.61073684692383
27.450103759765625	-53.127681732177734
24.73224639892578	-7.235435485839844
27.87920379638672	1.6145401000976562
26.600685119628906	14.899986267089844
26.577903747558594	26.244644165039062
28.43597412109375	52.667938232421875
25.95507049560547	60.42156982421875
25.76097869873047	80.76556396484375
32.92950439453125	-77.99527931213379
31.392044067382812	-70.47216606140137
30.440536499023438	-45.044769287109375
29.482803344726562	-26.558181762695312
29.721450805664062	-17.140525817871094
33.08892822265625	7.4708404541015625
32.646087646484375	45.24385070800781
32.41082763671875	72.21675109863281
39.58546447753906	-70.23990058898926
39.22625732421875	-62.106807708740234
39.103912353515625	-53.09804916381836
36.04127502441406	-39.124900817871094
37.50567626953125	-21.176856994628906
38.257232666015625	-13.123008728027344
35.51692199707031	-5.577354431152344
39.268768310546875	1.3368759155273438
36.93544006347656	23.2054443359375
34.46632385253906	31.789154052734375
39.640777587890625	37.86048889160156
39.652862548828125	55.47705078125
38.95820617675781	64.91078186035156
39.004669189453125	79.83868408203125
43.41789245605469	-45.05531311035156
42.70362854003906	-30.739410400390625
41.67195129394531	10.729995727539062
44.74639892578125	29.855316162109375
43.03471374511719	47.8126220703125
44.86070251464844	74.0963134765625
48.49493408203125	-54.51182556152344
47.322540283203125	-16.96007537841797
45.40013122558594	-9.38128662109375
46.68254089355469	3.4728775024414062
47.35206604003906	40.05479431152344
46.31666564941406	61.41081237792969
52.906219482421875	-68.35482215881348
52.79316711425781	-41.715057373046875
55.65467834472656	-32.26781463623047
52.62309265136719	-24.50812530517578
53.99212646484375	-9.638267517089844
52.372100830078125	8.517425537109375
50.93428039550781	17.177696228027344
53.58332824707031	26.245712280273438
54.50898742675781	50.60406494140625
55.93531799316406	-58.92152404785156
58.6856689453125	-50.03101348876953
59.57371520996094	-16.41881561279297
60.16532897949219	-1.920135498046875
58.73150634765625	20.302734375
60.372589111328125	33.976348876953125
56.44850158691406	41.21372985839844
56.06153869628906	65.87846374511719
66.51318359375	-39.867652893066406
64.89169311523438	-26.24665069580078
63.06825256347656	6.0933685302734375
66.27012634277344	19.0897216796875
65.09335327148438	45.5166015625
63.90498352050781	59.82170104980469
66.57699584960938	-51.83976745605469
69.64726257324219	-19.742591857910156
66.61030578613281	-7.432037353515625
71.06976318359375	-1.0713424682617188
69.01803588867188	10.886001586914062
67.27024841308594	26.995147705078125
75.5443115234375	-48.19336700439453
74.04185485839844	-38.356971740722656
76.81315612792969	-28.3184814453125
76.0101318359375	-7.9575653076171875
74.34197998046875	20.723434448242188
72.53611755371094	33.63279724121094
73.03120422363281	45.84759521484375
78.65267944335938	-0.325531005859375
80.64456176757812	11.37542724609375
78.52610778808594	28.106216430664062
78.17822265625	39.936065673828125
83.19830322265625	-21.335609436035156
82.80859375	-13.146797180175781
87.22775268554688	-0.39315032958984375
