-88.953537940979	-12.998825073242188
-89.59266185760498	-5.746528625488281
-89.2139663696289	-0.9441299438476562
-89.18375492095947	7.2869873046875
-87.89128303527832	-9.031204223632812
-86.85852909088135	4.4811553955078125
-87.13371849060059	16.038108825683594
-85.26273536682129	-23.92656707763672
-84.04793643951416	-20.31292724609375
-84.97709274291992	-16.804718017578125
-84.98089408874512	-12.864631652832031
-84.01476287841797	-7.7124481201171875
-85.89370250701904	-0.02471923828125
-85.45888423919678	12.856163024902344
-84.52426052093506	19.376792907714844
-84.81005382537842	23.54503631591797
-81.88931846618652	-34.52281951904297
-82.69242477416992	-29.00896453857422
-81.55987739562988	-25.57056427001953
-81.83663177490234	-14.934051513671875
-83.47497177124023	-3.8727874755859375
-81.75791358947754	1.919036865234375
-83.02078437805176	8.140968322753906
-83.00902557373047	28.821029663085938
-79.81781768798828	-39.1362419128418
-79.77655029296875	-12.1973876953125
-80.12309646606445	-1.9309844970703125
-80.5144214630127	10.501914978027344
-80.17195701599121	15.819412231445312
-79.02031517028809	20.984039306640625
-79.35293388366699	24.915809631347656
-79.66186714172363	28.57861328125
-80.26588439941406	34.72552490234375
-77.39235305786133	-43.449649810791016
-76.76988220214844	-37.6171760559082
-78.64864158630371	-29.717323303222656
-77.15187454223633	-26.604774475097656
-78.86137962341309	-20.661582946777344
-78.54158210754395	-15.872016906738281
-78.1821403503418	-6.830291748046875
-78.82014846801758	5.053291320800781
-76.91352462768555	8.431007385253906
-76.66843795776367	13.378700256347656
-76.84855270385742	33.58799743652344
-78.82917404174805	38.20381164550781
-75.53047561645508	-33.010780334472656
-75.74348068237305	-23.293121337890625
-76.29823112487793	-18.341293334960938
-74.53117752075195	-14.961959838867188
-76.32798385620117	-11.9041748046875
-74.31901359558105	-7.60638427734375
-76.09441757202148	-1.6338424682617188
-75.88317680358887	2.0962677001953125
-74.48929214477539	16.846839904785156
-74.96882247924805	20.774734497070312
-74.22843360900879	30.261688232421875
-74.70414924621582	37.97489929199219
-74.98579406738281	42.76530456542969
-74.02250671386719	-47.2219352722168
-73.25527954101562	-43.04239273071289
-72.51538848876953	-38.93266677856445
-73.26750183105469	-35.498374938964844
-72.37068367004395	-29.541412353515625
-72.78744697570801	-3.4241867065429688
-73.04271697998047	-0.06673431396484375
-74.05640602111816	5.9360504150390625
-72.4400520324707	9.123672485351562
-72.85251045227051	12.850288391113281
-74.07601737976074	25.530868530273438
-73.36869049072266	48.7359619140625
-72.31955909729004	53.424713134765625
-71.0309066772461	-51.7192497253418
-69.52981758117676	-41.53608322143555
-71.31495666503906	-32.69783020019531
-71.33005142211914	-23.520713806152344
-71.72201728820801	-17.891921997070312
-70.70716667175293	-10.220436096191406
-69.6897087097168	-0.8619766235351562
-71.33429527282715	3.2326431274414062
-71.14554405212402	16.720191955566406
-71.19014739990234	22.40624237060547
-70.62979698181152	27.625228881835938
-71.76657485961914	32.6453857421875
-70.23673248291016	36.73023986816406
-71.58197402954102	43.70793151855469
-67.19058227539062	-56.9957160949707
-68.33724403381348	-45.68924331665039
-67.18063354492188	-36.40602111816406
-69.46969032287598	-14.207466125488281
-67.73677825927734	-6.090003967285156
-69.13210868835449	7.87152099609375
-69.40862655639648	12.722648620605469
-67.662353515625	24.109512329101562
-67.27907943725586	27.692459106445312
-69.05927658081055	41.08927917480469
-69.09573173522949	51.48753356933594
-68.44263648986816	57.044036865234375
-66.32901763916016	-53.01972961425781
-66.06904602050781	-48.979759216308594
-64.99728775024414	-44.96017837524414
-66.23631286621094	-31.376480102539062
-66.90388107299805	-26.601287841796875
-66.79784774780273	-19.98992156982422
-66.06734085083008	-16.685569763183594
-66.51556015014648	-12.38818359375
-66.15177917480469	-1.3070144653320312
-65.23676681518555	2.7369537353515625
-65.28939056396484	6.451484680175781
-66.39509963989258	14.827507019042969
-66.58670806884766	18.347503662109375
-66.92129135131836	31.79083251953125
-64.95023345947266	39.20928955078125
-67.02865600585938	47.17451477050781
-65.1751823425293	58.85784912109375
-62.524967193603516	-60.853843688964844
-63.11777877807617	-57.581886291503906
-62.74335861206055	-48.25546646118164
-63.42715835571289	-40.85640335083008
-62.810237884521484	-36.040164947509766
-64.64484786987305	11.969635009765625
-63.24171447753906	16.551742553710938
-64.47861099243164	21.56519317626953
-63.01507568359375	29.731491088867188
-64.42580795288086	35.78913879394531
-64.53584289550781	43.87739562988281
-63.62484359741211	55.17138671875
-62.08966064453125	-51.94996643066406
-62.18657302856445	-32.60527801513672
-62.38896560668945	-26.802589416503906
-62.12849807739258	-22.723678588867188
-61.443115234375	-19.259536743164062
-61.66927719116211	-14.865028381347656
-62.446197509765625	-10.338768005371094
-62.26543426513672	-6.251686096191406
-61.33388900756836	-2.4631576538085938
-61.88014602661133	2.722259521484375
-60.84968185424805	6.798583984375
-60.38691711425781	12.812713623046875
-61.29264450073242	20.136566162109375
-62.019107818603516	25.450363159179688
-60.90419387817383	35.99137878417969
-61.12952423095703	47.03764343261719
-62.4194221496582	51.795806884765625
-62.48409652709961	61.08644104003906
-60.33065414428711	65.73880004882812
-58.77494430541992	-67.72712707519531
-59.430999755859375	-57.586246490478516
-58.13936233520508	-46.408756256103516
-59.79159927368164	-41.6595344543457
-59.75070571899414	-37.969627380371094
-59.04230880737305	-27.881149291992188
-58.99369812011719	-21.541641235351562
-58.15767288208008	-10.950523376464844
-57.881996154785156	10.511703491210938
-59.88209533691406	16.53839111328125
-58.78121566772461	24.708328247070312
-59.34080505371094	40.10420227050781
-60.083839416503906	43.83393859863281
-58.38004684448242	52.5665283203125
-59.56037902832031	56.46781921386719
-58.720947265625	62.6016845703125
-57.692115783691406	-63.43547439575195
-57.00341796875	-60.04764938354492
-55.98307418823242	-53.74722671508789
-56.933990478515625	-49.947994232177734
-55.70582580566406	-40.46232604980469
-56.31498336791992	-37.10985565185547
-57.41142654418945	-33.79645538330078
-55.45969009399414	-27.987411499023438
-56.95949935913086	-24.791290283203125
-56.4885139465332	-18.469100952148438
-56.72093200683594	-14.013572692871094
-55.879180908203125	-4.771614074707031
-56.87657928466797	-0.99310302734375
-57.23859405517578	2.4483566284179688
-56.785972595214844	5.839996337890625
-57.405418395996094	19.244873046875
-57.481693267822266	30.921310424804688
-55.768428802490234	36.94746398925781
-56.70272445678711	48.780364990234375
-56.32326126098633	58.85919189453125
-55.737632751464844	64.4859619140625
-57.15727615356445	68.45661926269531
-55.01784896850586	-65.77499771118164
-54.225154876708984	-57.43476104736328
-54.812774658203125	-46.30325698852539
-53.349945068359375	-35.09686279296875
-53.82037353515625	-23.22955322265625
-53.20289611816406	-11.763885498046875
-54.563724517822266	9.521583557128906
-54.88419723510742	15.332138061523438
-53.348758697509766	21.86357879638672
-53.5395393371582	28.042709350585938
-54.707923889160156	40.48291015625
-54.87411117553711	44.962493896484375
-53.30478286743164	48.94746398925781
-53.97966003417969	54.9793701171875
-53.48530960083008	66.93887329101562
-52.23970031738281	-70.47395896911621
-51.43692398071289	-65.27762222290039
-51.98435592651367	-60.942081451416016
-51.32054901123047	-54.897666931152344
-52.103519439697266	-51.09183120727539
-51.77540588378906	-41.121089935302734
-52.63136291503906	-30.76085662841797
-50.90595626831055	-25.744728088378906
-51.04811477661133	-19.691162109375
-51.908870697021484	-16.385879516601562
-52.89461135864258	-7.4029541015625
-52.31700134277344	-3.7877960205078125
-52.321388244628906	-0.29035186767578125
-52.71205139160156	3.73895263671875
-51.27239227294922	7.6728363037109375
-51.45964813232422	25.361915588378906
-52.17665100097656	33.99934387207031
-51.16691589355469	39.75563049316406
-51.017906188964844	46.3575439453125
-52.17334747314453	52.11528015136719
-52.63630294799805	61.4625244140625
-48.77174758911133	-70.23641014099121
-48.52252960205078	-61.69063186645508
-49.01165771484375	-49.05043411254883
-50.007633209228516	-45.43537139892578
-50.083106994628906	-37.96826934814453
-49.317691802978516	-32.05261993408203
-48.80706787109375	-28.574813842773438
-49.706275939941406	2.3050765991210938
-50.685951232910156	11.372108459472656
-50.65196228027344	16.85985565185547
-49.4298210144043	20.29503631591797
-49.72654342651367	29.151657104492188
-48.42544937133789	44.16239929199219
-49.22247314453125	53.97314453125
-50.27664566040039	57.643463134765625
-48.82957077026367	66.15162658691406
-49.81103515625	70.39439392089844
-47.132205963134766	-74.19965744018555
-48.2371940612793	-66.44611358642578
-48.08858871459961	-57.904483795166016
-47.88462448120117	-54.55693054199219
-48.1240119934082	-40.8545036315918
-47.346012115478516	-22.066635131835938
-48.18613052368164	-16.087661743164062
-47.370079040527344	-10.417625427246094
-47.96907043457031	-5.973243713378906
-46.92198181152344	-0.47286224365234375
-46.36637496948242	14.919349670410156
-46.39899444580078	23.444541931152344
-47.50756072998047	31.636016845703125
-47.930198669433594	35.17002868652344
-47.47178649902344	40.748443603515625
-46.75933074951172	49.15252685546875
-46.6938591003418	63.1380615234375
-44.04625701904297	-68.5810375213623
-45.50453567504883	-64.00743865966797
-46.05031204223633	-51.372989654541016
-44.701969146728516	-46.544620513916016
-44.85357666015625	-42.79063034057617
-44.50396728515625	-37.13087463378906
-45.68807601928711	-33.5806884765625
-43.98041534423828	-29.17577362060547
-45.972679138183594	-25.736740112304688
-44.7898063659668	-18.984664916992188
-45.3854866027832	-13.6474609375
-46.03013229370117	4.828712463378906
-45.41067123413086	8.552780151367188
-44.257286071777344	11.726394653320312
-44.4703369140625	17.810943603515625
-44.37831115722656	26.94190216064453
-43.93403244018555	40.37065124511719
-45.462158203125	54.182373046875
-45.92890548706055	57.70552062988281
-43.94637680053711	60.48530578613281
-45.87245559692383	72.17295837402344
-45.609283447265625	75.59561157226562
-43.580604553222656	-72.79310607910156
-43.44505310058594	-60.463748931884766
-42.897674560546875	-55.208946228027344
-41.89216613769531	-51.770111083984375
-41.51046371459961	-39.28403854370117
-42.75303649902344	-24.93743896484375
-41.61482620239258	-15.664512634277344
-43.633033752441406	-10.736251831054688
-43.228458404541016	-5.555564880371094
-43.59566879272461	-1.3375244140625
-41.94420623779297	21.891197204589844
-41.49049377441406	30.967056274414062
-43.133827209472656	34.503814697265625
-43.30455780029297	45.16156005859375
-43.11433029174805	50.32293701171875
-42.25320053100586	56.171234130859375
-42.712440490722656	66.03311157226562
-43.41164016723633	69.90263366699219
-41.26569366455078	-76.0931282043457
-39.83551025390625	-69.16876792907715
-39.749752044677734	-65.85341262817383
-40.9274787902832	-46.499176025390625
-40.0522575378418	-33.50132751464844
-39.2761116027832	-29.82831573486328
-40.3476448059082	-9.950714111328125
-39.23671340942383	-3.541656494140625
-41.31248474121094	1.7650985717773438
-40.077152252197266	5.944160461425781
-39.387451171875	11.027313232421875
-41.02058410644531	16.82038116455078
-39.62558364868164	27.810775756835938
-39.62922668457031	36.15385437011719
-39.34071350097656	43.4168701171875
-39.817405700683594	48.28776550292969
-40.62786865234375	59.767333984375
-39.46570587158203	65.24002075195312
-39.44325256347656	72.74107360839844
-40.93510437011719	75.86526489257812
-38.95906066894531	-79.68830680847168
-37.71297836303711	-73.27300453186035
-37.40488052368164	-59.98979949951172
-36.894954681396484	-54.35585403442383
-38.63256072998047	-50.68781280517578
-38.31977844238281	-42.02273178100586
-38.98161315917969	-36.801143646240234
-38.58205032348633	-24.62084197998047
-38.86348342895508	-21.019676208496094
-38.06438064575195	-13.469772338867188
-37.457645416259766	-7.7424163818359375
-36.958702087402344	24.51702880859375
-38.65048599243164	39.402313232421875
-38.030757904052734	52.625396728515625
-38.647735595703125	57.04035949707031
-37.96940994262695	61.82612609863281
-38.298038482666016	69.35751342773438
-37.07640838623047	77.51913452148438
-37.95978927612305	81.41693115234375
-34.75470733642578	-79.00610160827637
-34.72041320800781	-75.09724235534668
-35.210906982421875	-69.89773559570312
-36.15278244018555	-63.820289611816406
-35.02972412109375	-49.29680633544922
-34.620506286621094	-45.273773193359375
-36.43329620361328	-39.27106475830078
-36.36483383178711	-32.360595703125
-34.397727966308594	-26.311553955078125
-34.99608612060547	-23.0142822265625
-35.50276184082031	-18.7501220703125
-34.48966979980469	-12.900993347167969
-35.324424743652344	-4.845924377441406
-36.44339370727539	0.266815185546875
-36.600032806396484	5.961006164550781
-36.11781692504883	12.388023376464844
-35.844879150390625	16.069900512695312
-35.91319274902344	19.789505004882812
-35.688385009765625	28.573028564453125
-35.39891815185547	32.77777099609375
-34.536041259765625	37.689697265625
-35.49944305419922	42.7872314453125
-35.829978942871094	46.69181823730469
-34.86094665527344	53.72227478027344
-34.53684997558594	60.863983154296875
-34.96332550048828	64.91958618164062
-34.45543670654297	68.45074462890625
-35.68726348876953	72.63459777832031
-32.54322052001953	-65.73087692260742
-32.024452209472656	-51.557044982910156
-33.520668029785156	-41.164249420166016
-32.88127136230469	-35.744415283203125
-32.838134765625	-16.526756286621094
-33.71669006347656	-9.379905700683594
-32.153343200683594	3.6037750244140625
-34.171058654785156	8.600921630859375
-33.610321044921875	56.93247985839844
-32.70624542236328	78.45903015136719
-31.38379669189453	-83.99211120605469
-29.928512573242188	-77.73299598693848
-31.269866943359375	-74.0292911529541
-30.107139587402344	-70.28923606872559
-31.202468872070312	-61.13142395019531
-30.79383087158203	-57.615509033203125
-29.943313598632812	-48.8297004699707
-31.1138916015625	-45.094478607177734
-30.60724639892578	-38.4946174621582
-30.178558349609375	-33.713035583496094
-29.837501525878906	-29.70911407470703
-29.788894653320312	-23.77062225341797
-30.948883056640625	-20.551780700683594
-30.140274047851562	-13.545127868652344
-30.03217315673828	-9.578292846679688
-31.848831176757812	-6.121879577636719
-31.52923583984375	0.0701141357421875
-31.18121337890625	7.0276031494140625
-31.351791381835938	11.977058410644531
-30.539276123046875	17.269241333007812
-31.672019958496094	23.110244750976562
-30.502548217773438	26.48711395263672
-31.307762145996094	30.189224243164062
-29.858657836914062	35.503387451171875
-30.068504333496094	39.033599853515625
-31.478172302246094	44.050201416015625
-31.855194091796875	48.22819519042969
-30.878616333007812	53.168243408203125
-30.396942138671875	57.83305358886719
-32.006683349609375	63.15644836425781
-29.883163452148438	66.09361267089844
-31.245018005371094	72.22755432128906
-31.549659729003906	83.51309204101562
-28.138656616210938	-65.10213851928711
-29.211456298828125	-54.579505920410156
-27.743621826171875	-42.83219909667969
-27.82221221923828	-26.60108184814453
-29.34253692626953	-17.620994567871094
-29.483642578125	-3.7083816528320312
-28.0079345703125	2.18408203125
-27.580360412597656	10.509811401367188
-27.3525390625	44.97340393066406
-28.215782165527344	49.2542724609375
-27.91278839111328	55.06951904296875
-27.87024688720703	60.46589660644531
-26.15886688232422	-81.14164543151855
-25.833709716796875	-73.6083984375
-25.015090942382812	-63.40528106689453
-26.865570068359375	-58.25381088256836
-25.07530975341797	-55.13637924194336
-25.964920043945312	-47.90336227416992
-26.335311889648438	-35.7818603515625
-25.0653076171875	-21.41667938232422
-25.899063110351562	-17.6917724609375
-25.632728576660156	-12.711181640625
-26.33574676513672	-8.888877868652344
-25.060874938964844	-5.695777893066406
-26.945724487304688	13.898330688476562
-27.142738342285156	22.607574462890625
-25.76520538330078	27.64678192138672
-26.805259704589844	30.86553955078125
-25.9481201171875	41.89527893066406
-25.064437866210938	50.8231201171875
-26.51988983154297	65.26817321777344
-27.232566833496094	69.85810852050781
-27.227493286132812	75.41963195800781
-26.963356018066406	81.45950317382812
-24.311172485351562	-85.15489768981934
-24.407798767089844	-77.0993881225586
-23.341751098632812	-68.33545112609863
-23.347396850585938	-60.13241958618164
-24.90985107421875	-51.59947967529297
-24.656654357910156	-39.475364685058594
-23.726119995117188	-30.197250366210938
-24.936134338378906	-24.79351806640625
-23.155242919921875	-10.275642395019531
-23.81805419921875	-1.8520278930664062
-23.895118713378906	2.3246231079101562
-24.911773681640625	7.187591552734375
-22.96154022216797	14.056541442871094
-23.954307556152344	19.8966064453125
-23.807540893554688	24.265647888183594
-24.48334503173828	35.555633544921875
-23.127662658691406	39.60588073730469
-24.68108367919922	57.82890319824219
-23.379737854003906	71.08973693847656
-23.75366973876953	75.63838195800781
-23.639930725097656	79.41070556640625
-23.977401733398438	85.30247497558594
-21.42121124267578	-79.48770141601562
-21.425308227539062	-52.00048828125
-22.202613830566406	-48.345577239990234
-21.290985107421875	-43.97311019897461
-21.383766174316406	-38.500457763671875
-21.886795043945312	-35.14488220214844
-21.65953826904297	-27.229766845703125
-22.431671142578125	-17.293792724609375
-22.225753784179688	-13.512580871582031
-20.775253295898438	-4.716270446777344
-21.085281372070312	4.4116363525390625
-20.979820251464844	10.520065307617188
-20.699478149414062	22.18773651123047
-20.688507080078125	28.783950805664062
-22.36376953125	31.6761474609375
-22.432701110839844	45.447357177734375
-21.73108673095703	50.62568664550781
-21.4537353515625	55.15899658203125
-21.883529663085938	61.15283203125
-21.79796600341797	66.8116455078125
-18.87122344970703	-81.9325180053711
-19.739791870117188	-73.31153297424316
-19.48877716064453	-67.28709030151367
-19.467941284179688	-60.892608642578125
-19.17737579345703	-57.24437713623047
-17.95616912841797	-47.53913879394531
-18.53032684326172	-29.9549560546875
-18.996612548828125	-21.79674530029297
-18.45317840576172	-11.39239501953125
-18.58129119873047	-7.86553955078125
-18.813400268554688	-1.2939682006835938
-18.22650146484375	2.0643157958984375
-18.513214111328125	8.165870666503906
-19.512413024902344	15.463638305664062
-19.5137939453125	18.910423278808594
-19.43121337890625	25.273147583007812
-19.057403564453125	34.070037841796875
-18.59491729736328	46.579437255859375
-18.00188446044922	50.37236022949219
-18.197731018066406	62.78855895996094
-18.806785583496094	70.12974548339844
-20.274368286132812	75.33439636230469
-19.86016082763672	81.76577758789062
-18.216270446777344	86.26690673828125
-16.870033264160156	-84.75598621368408
-15.727493286132812	-77.72751426696777
-15.855400085449219	-71.22895622253418
-16.083770751953125	-53.73043441772461
-17.552467346191406	-43.64508056640625
-16.639419555664062	-39.82328414916992
-16.680442810058594	-34.59302520751953
-17.407318115234375	-26.061874389648438
-17.460739135742188	-18.403785705566406
-15.603912353515625	-14.418350219726562
-17.12541961669922	12.750877380371094
-16.482666015625	21.828025817871094
-17.080703735351562	27.974777221679688
-16.82135772705078	38.53126525878906
-17.88751220703125	43.32539367675781
-17.909767150878906	56.84117126464844
-17.290069580078125	66.6304931640625
-15.965065002441406	72.88626098632812
-16.480987548828125	81.45552062988281
-14.97625732421875	-65.36109924316406
-14.060302734375	-58.96957778930664
-14.851104736328125	-50.02028274536133
-13.511451721191406	-44.45591735839844
-13.937164306640625	-36.75031661987305
-15.04669189453125	-21.523712158203125
-14.989166259765625	-5.5427703857421875
-14.452377319335938	2.8858184814453125
-14.311630249023438	6.756263732910156
-13.638664245605469	10.266387939453125
-14.958389282226562	18.255661010742188
-14.693115234375	24.841567993164062
-14.615196228027344	30.280746459960938
-13.952323913574219	36.4732666015625
-14.293472290039062	44.09480285644531
-15.152626037597656	47.37298583984375
-13.548530578613281	55.0592041015625
-15.043907165527344	59.940093994140625
-14.198249816894531	63.54112243652344
-15.205947875976562	78.11251831054688
-13.494163513183594	83.20701599121094
-12.839981079101562	-88.6717176437378
-12.009140014648438	-83.02253723144531
-12.366828918457031	-73.59546089172363
-11.188499450683594	-65.71672821044922
-12.389495849609375	-53.729774475097656
-11.764823913574219	-47.55257034301758
-12.432586669921875	-40.54869842529297
-12.175300598144531	-29.797035217285156
-12.105125427246094	-23.343185424804688
-11.534049987792969	-16.920257568359375
-12.434822082519531	-12.75067138671875
-12.127098083496094	-8.839569091796875
-11.91851806640625	-3.8706588745117188
-12.698028564453125	-0.5923233032226562
-12.650382995605469	15.228759765625
-11.940437316894531	19.64653778076172
-11.552024841308594	27.51227569580078
-10.938827514648438	35.065338134765625
-11.5313720703125	38.96900939941406
-11.321250915527344	42.3040771484375
-11.116767883300781	45.91221618652344
-12.418083190917969	50.13677978515625
-11.61334228515625	61.24784851074219
-11.061256408691406	65.32756042480469
-13.157066345214844	68.55928039550781
-11.919273376464844	76.99374389648438
-10.941474914550781	85.37239074707031
-9.715843200683594	-86.67198848724365
-8.935653686523438	-81.5781135559082
-10.320838928222656	-77.89450645446777
-10.019981384277344	-68.8864974975586
-10.15838623046875	-61.27136993408203
-8.607688903808594	-55.5246467590332
-9.389205932617188	-50.75804901123047
-9.692497253417969	-44.256752014160156
-9.506919860839844	-38.63734817504883
-9.842483520507812	-35.0609130859375
-9.10894775390625	-13.141189575195312
-8.613143920898438	-7.2762603759765625
-10.043197631835938	2.1659622192382812
-10.897903442382812	5.443321228027344
-8.719329833984375	14.757514953613281
-8.953773498535156	18.185714721679688
-10.020545959472656	24.28815460205078
-10.706245422363281	31.736343383789062
-9.547294616699219	52.374237060546875
-9.858390808105469	69.79739379882812
-9.940628051757812	73.14984130859375
-10.182289123535156	81.93435668945312
-6.377677917480469	-84.66724872589111
-7.095489501953125	-65.94315719604492
-6.57940673828125	-45.95851516723633
-6.314857482910156	-39.96510314941406
-6.681182861328125	-31.318809509277344
-7.8638916015625	-27.6058349609375
-7.6557464599609375	-22.429702758789062
-6.8665313720703125	-19.199142456054688
-6.766212463378906	-3.4923934936523438
-6.2483367919921875	2.5099105834960938
-7.9086456298828125	8.42205810546875
-6.8153076171875	11.868675231933594
-6.7296600341796875	21.031578063964844
-6.654998779296875	24.585052490234375
-8.2359619140625	28.008346557617188
-6.43756103515625	36.59028625488281
-7.099205017089844	41.884490966796875
-6.635704040527344	50.275054931640625
-7.772705078125	58.004669189453125
-7.734893798828125	63.325958251953125
-7.2004547119140625	67.38265991210938
-8.388206481933594	77.28414916992188
-7.143074035644531	84.04566955566406
-8.529586791992188	87.73683166503906
-6.07476806640625	-88.00202369689941
-4.047950744628906	-82.11305809020996
-5.3350982666015625	-78.65043640136719
-5.9594573974609375	-73.89552116394043
-4.346893310546875	-70.11884689331055
-5.808647155761719	-58.91287612915039
-4.9690093994140625	-48.906463623046875
-5.494377136230469	-34.462738037109375
-5.0101470947265625	-16.23668670654297
-5.871116638183594	-11.838882446289062
-5.1298980712890625	-7.852569580078125
-4.7645111083984375	27.647415161132812
-4.5427093505859375	32.92988586425781
-5.290596008300781	46.684295654296875
-4.846412658691406	59.84410095214844
-6.203697204589844	71.60037231445312
-4.5677642822265625	75.19538879394531
-5.42236328125	79.50199890136719
-4.9041748046875	88.00611877441406
-2.131195068359375	-89.9698657989502
-3.0882644653320312	-64.90452575683594
-3.346954345703125	-61.53616714477539
-3.2897491455078125	-56.70499801635742
-3.5811614990234375	-52.727840423583984
-3.4983444213867188	-44.02119445800781
-3.7652206420898438	-27.40972900390625
-3.2549514770507812	-21.517478942871094
-2.4212493896484375	-10.168388366699219
-2.6940460205078125	-1.6863784790039062
-3.3257980346679688	4.6174468994140625
-2.325408935546875	9.347114562988281
-3.46490478515625	14.004646301269531
-3.3055038452148438	17.442115783691406
-3.4666366577148438	23.643836975097656
-2.0887069702148438	45.39372253417969
-3.7678298950195312	52.805389404296875
-2.633758544921875	62.701995849609375
-3.56951904296875	83.17558288574219
-1.6951675415039062	87.08293151855469
-0.30678558349609375	-86.94029712677002
-0.6256790161132812	-81.38801574707031
0.182159423828125	-76.45647048950195
-0.2997589111328125	-70.5770034790039
-0.6212615966796875	-67.13039779663086
-1.075042724609375	-49.01481628417969
0.6475448608398438	-45.71693801879883
-0.9321136474609375	-40.18560028076172
-1.4597625732421875	-36.44027328491211
-0.4775848388671875	-32.59300231933594
0.1684722900390625	-27.093536376953125
-1.4532318115234375	-18.098609924316406
0.19970703125	-12.441116333007812
-0.8620986938476562	-5.8451690673828125
-1.326202392578125	1.7822647094726562
-0.0198974609375	14.200553894042969
0.22544097900390625	23.512123107910156
-0.71990966796875	27.294219970703125
-0.9527206420898438	31.032455444335938
-0.24050140380859375	34.86140441894531
-0.45496368408203125	38.26622009277344
-0.83477783203125	41.96302795410156
-0.439453125	48.524993896484375
-1.4733047485351562	57.12347412109375
-1.260955810546875	67.30081176757812
-0.983154296875	72.00462341308594
-0.7217559814453125	76.04042053222656
-1.2388076782226562	80.76417541503906
1.6148605346679688	-64.29691696166992
1.0434188842773438	-58.21043395996094
2.4714584350585938	-54.4110107421875
2.21575927734375	-50.80842208862305
2.6843719482421875	-39.65787887573242
1.9401702880859375	-29.934860229492188
1.6363601684570312	-23.87213897705078
0.8453445434570312	-20.624000549316406
3.1117401123046875	-17.51812744140625
2.1507110595703125	-9.286651611328125
2.5214157104492188	-5.313652038574219
1.9291534423828125	0.12799072265625
1.9777069091796875	5.881431579589844
2.7658615112304688	10.633697509765625
2.9241943359375	16.148841857910156
1.7808380126953125	20.553115844726562
2.6421356201171875	46.64691162109375
1.7505340576171875	54.22984313964844
1.5688247680664062	61.48002624511719
1.8880081176757812	68.74819946289062
1.8686676025390625	82.57905578613281
2.555816650390625	87.49349975585938
5.499397277832031	-88.44688701629639
5.116661071777344	-83.93318367004395
3.4220504760742188	-80.07869148254395
4.4760284423828125	-73.97526741027832
4.1679840087890625	-70.50037574768066
5.00006103515625	-66.9472770690918
3.3109512329101562	-61.139347076416016
4.2018280029296875	-44.26122283935547
4.021697998046875	-36.10787582397461
4.589927673339844	-32.692222595214844
4.407661437988281	-14.371688842773438
5.356529235839844	-11.117622375488281
5.2434234619140625	19.44908905029297
4.337562561035156	25.66193389892578
4.002693176269531	30.333419799804688
4.234405517578125	33.835113525390625
4.221710205078125	42.414459228515625
3.7534561157226562	50.61039733886719
5.0874481201171875	57.16371154785156
4.485984802246094	66.53187561035156
4.988677978515625	72.48089599609375
3.5665206909179688	76.74929809570312
4.601768493652344	80.15737915039062
7.383522033691406	-81.08313369750977
6.215599060058594	-77.67356872558594
7.4652099609375	-62.81441116333008
6.360557556152344	-55.60219192504883
6.55914306640625	-51.83964920043945
7.754386901855469	-48.330902099609375
6.977226257324219	-39.2326545715332
7.4532928466796875	-30.973731994628906
6.448966979980469	-26.51715850830078
7.1087646484375	-21.407363891601562
7.842658996582031	-16.873191833496094
6.1131134033203125	-7.8831939697265625
6.3612823486328125	-1.7041854858398438
6.878669738769531	2.7115707397460938
7.543617248535156	6.102577209472656
7.403511047363281	10.600990295410156
6.196281433105469	14.10894775390625
7.3216400146484375	28.05731201171875
7.799934387207031	32.205841064453125
5.554168701171875	38.060394287109375
7.4324798583984375	43.3509521484375
7.427215576171875	51.68182373046875
5.785797119140625	84.50091552734375
9.116325378417969	-88.30595397949219
10.185394287109375	-83.17215538024902
9.669975280761719	-73.47904014587402
8.632614135742188	-69.96903038024902
9.114051818847656	-66.58556747436523
9.623870849609375	-59.78550720214844
10.136299133300781	-52.997467041015625
8.809822082519531	-42.48933029174805
8.423049926757812	-35.48784637451172
9.677574157714844	-11.361991882324219
9.706825256347656	-7.426727294921875
9.225341796875	16.861404418945312
8.774406433105469	20.456161499023438
10.047439575195312	23.98920440673828
9.483261108398438	40.626739501953125
8.489669799804688	46.54804992675781
8.376785278320312	55.6912841796875
7.990486145019531	62.46319580078125
8.12548828125	67.91973876953125
8.134742736816406	76.15126037597656
9.313186645507812	79.93954467773438
9.184608459472656	83.49821472167969
8.438468933105469	88.20915222167969
12.217704772949219	-62.602779388427734
11.356369018554688	-47.216461181640625
12.41107177734375	-42.3498420715332
11.533004760742188	-37.40836715698242
10.784095764160156	-30.14703369140625
10.325408935546875	-25.893173217773438
12.401161193847656	-23.298797607421875
12.122611999511719	-19.85284423828125
10.750869750976562	-3.65997314453125
10.751388549804688	1.904449462890625
11.118316650390625	7.82745361328125
12.2684326171875	14.118843078613281
12.203521728515625	19.511924743652344
12.2825927734375	27.416656494140625
10.460975646972656	35.57527160644531
12.36773681640625	45.36756896972656
10.750839233398438	49.01811218261719
11.382522583007812	58.35394287109375
12.387115478515625	66.45111083984375
10.938041687011719	70.42646789550781
11.952827453613281	76.13485717773438
14.056854248046875	-85.4545030593872
12.957344055175781	-81.11775588989258
12.615455627441406	-77.0178050994873
13.963653564453125	-73.21731758117676
12.841934204101562	-66.20007705688477
12.902420043945312	-55.877662658691406
13.513252258300781	-51.14637756347656
14.800849914550781	-47.55050277709961
12.958908081054688	-32.67961120605469
14.473258972167969	-16.83898162841797
12.891311645507812	-12.507919311523438
13.941986083984375	-6.59503173828125
14.470359802246094	3.7982635498046875
14.736618041992188	9.180938720703125
14.261444091796875	22.221481323242188
13.765106201171875	31.320343017578125
13.421951293945312	37.448486328125
13.272911071777344	41.30976867675781
12.988555908203125	55.105712890625
12.630836486816406	62.74385070800781
14.519828796386719	73.18367004394531
12.807594299316406	79.96717834472656
13.503623962402344	86.72206115722656
15.810325622558594	-70.05705070495605
16.32422637939453	-63.46910095214844
15.109100341796875	-58.972286224365234
16.163864135742188	-54.6705436706543
16.794471740722656	-44.29668426513672
16.34534454345703	-40.98088836669922
15.109718322753906	-36.961219787597656
15.633087158203125	-30.61231231689453
15.993522644042969	-27.237747192382812
15.836929321289062	-10.850410461425781
16.385658264160156	-1.1468658447265625
16.821319580078125	14.786544799804688
15.367851257324219	18.08325958251953
15.786819458007812	26.59954833984375
16.824432373046875	34.22480773925781
16.815170288085938	40.27392578125
15.758674621582031	52.631317138671875
15.919647216796875	57.6494140625
15.9461669921875	62.3031005859375
17.102745056152344	68.75177001953125
16.785781860351562	77.06008911132812
16.22803497314453	82.11544799804688
17.252830505371094	-87.31228637695312
19.211631774902344	-83.88687705993652
17.99437713623047	-79.84134483337402
17.838829040527344	-73.63055610656738
18.077796936035156	-66.63359069824219
19.216339111328125	-57.336090087890625
19.461814880371094	-53.683677673339844
17.49091339111328	-50.43708801269531
19.083351135253906	-38.93115997314453
18.823013305664062	-32.178611755371094
17.979652404785156	-23.93724822998047
17.957542419433594	-19.5091552734375
18.73015594482422	-15.695320129394531
18.41759490966797	-8.715606689453125
17.223472595214844	-5.170013427734375
17.86785125732422	10.683250427246094
19.400741577148438	17.600677490234375
18.39128875732422	20.77796173095703
18.807525634765625	28.310272216796875
17.311386108398438	46.49867248535156
18.535659790039062	65.113037109375
18.599349975585938	71.95396423339844
18.701934814453125	86.71160888671875
21.536598205566406	-71.95466804504395
19.98155975341797	-62.13639831542969
21.4920654296875	-49.53622055053711
19.7667236328125	-46.02849578857422
19.756004333496094	-35.43695831298828
20.82098388671875	-28.131134033203125
20.503585815429688	-5.7742156982421875
21.33318328857422	-0.3677825927734375
20.16722869873047	5.4058685302734375
21.718711853027344	9.045585632324219
21.40166473388672	14.40997314453125
20.467491149902344	23.48706817626953
20.053123474121094	31.472152709960938
19.971031188964844	37.84716796875
20.16295623779297	41.62059020996094
20.745643615722656	50.30311584472656
19.83154296875	53.92424011230469
19.589447021484375	57.5003662109375
21.47295379638672	61.53944396972656
20.78508758544922	81.9110107421875
24.022010803222656	-82.13277244567871
22.307289123535156	-76.94338417053223
21.96350860595703	-66.93423080444336
23.77906036376953	-61.011932373046875
23.552459716796875	-56.4693717956543
23.95600128173828	-47.15218734741211
22.813941955566406	-43.71479797363281
22.907920837402344	-40.276145935058594
21.991500854492188	-24.02710723876953
23.167098999023438	-20.1793212890625
23.54784393310547	-16.725624084472656
22.307899475097656	-13.373451232910156
23.818435668945312	-4.95538330078125
22.98577117919922	2.6514663696289062
22.906211853027344	20.34552001953125
24.083335876464844	23.600074768066406
21.93988800048828	26.48400115966797
23.60053253173828	32.41502380371094
22.161880493164062	44.63948059082031
23.644790649414062	52.45021057128906
23.52489471435547	58.33106994628906
24.11925506591797	64.07455444335938
22.538108825683594	69.22030639648438
22.368988037109375	75.51246643066406
23.440567016601562	79.70782470703125
25.03290557861328	-73.66992568969727
24.63092041015625	-70.18431282043457
25.533889770507812	-64.44263076782227
25.959388732910156	-52.383060455322266
26.58063507080078	-41.713077545166016
25.446136474609375	-37.71534729003906
25.04853057861328	-32.15924835205078
24.26544952392578	-28.842727661132812
25.21434783935547	-25.255783081054688
26.407508850097656	-19.458961486816406
26.55347442626953	-11.708694458007812
24.44854736328125	-8.430961608886719
25.24254608154297	-1.659576416015625
26.001724243164062	4.1424407958984375
25.206161499023438	10.508255004882812
24.590896606445312	15.75115966796875
26.302528381347656	27.315818786621094
26.554420471191406	36.554046630859375
24.810874938964844	40.87461853027344
26.219688415527344	47.26960754394531
26.04302978515625	71.76089477539062
26.218978881835938	81.62832641601562
24.44434356689453	84.84651184082031
28.09442138671875	-84.99513816833496
28.933685302734375	-80.53260612487793
26.720619201660156	-77.74330711364746
28.757431030273438	-71.66432189941406
28.551239013671875	-55.565956115722656
27.84485626220703	-47.558292388916016
28.782119750976562	-38.99141311645508
28.093231201171875	-29.827064514160156
28.568008422851562	-23.948623657226562
28.027969360351562	-16.295059204101562
28.292587280273438	-4.718009948730469
28.103012084960938	7.05047607421875
28.055465698242188	17.561302185058594
27.023605346679688	20.766891479492188
28.410614013671875	24.450653076171875
28.607681274414062	40.871917724609375
26.680992126464844	43.974395751953125
27.19683074951172	55.448638916015625
28.242172241210938	59.461151123046875
27.552139282226562	67.96389770507812
26.729873657226562	76.1019287109375
28.726181030273438	78.84115600585938
28.228225708007812	84.51069641113281
29.24517822265625	-75.57385063171387
28.950286865234375	-68.34980010986328
29.495895385742188	-63.29627227783203
29.108291625976562	-59.00771713256836
30.082687377929688	-52.522003173828125
29.637283325195312	-33.388648986816406
30.45513916015625	-9.613090515136719
30.376754760742188	0.8822402954101562
29.485809326171875	13.283164978027344
31.180770874023438	20.5640869140625
29.454681396484375	31.03033447265625
29.149322509765625	34.41493225097656
30.874954223632812	38.13706970214844
30.203521728515625	48.030059814453125
29.96533203125	51.81086730957031
30.74560546875	56.11573791503906
30.46075439453125	62.55012512207031
31.051498413085938	66.89886474609375
29.248321533203125	73.4365234375
32.83641052246094	-70.42331314086914
33.170135498046875	-66.7117691040039
33.308502197265625	-63.05622100830078
32.50581359863281	-57.63164520263672
33.273406982421875	-49.55240249633789
32.5255126953125	-43.662357330322266
33.436676025390625	-32.75513458251953
32.96437072753906	-28.72595977783203
33.05284118652344	-17.03368377685547
32.55610656738281	-12.951225280761719
31.686248779296875	-6.4398193359375
31.469375610351562	-3.1006622314453125
32.12396240234375	7.61749267578125
33.28501892089844	11.426139831542969
32.19255065917969	16.153366088867188
32.06158447265625	27.757064819335938
33.152496337890625	34.96299743652344
32.18989562988281	41.41346740722656
31.685592651367188	45.01312255859375
32.74394226074219	58.79066467285156
32.78178405761719	71.26968383789062
32.959442138671875	78.35223388671875
33.04229736328125	83.05763244628906
33.64642333984375	-79.72008514404297
34.33259582519531	-75.68270492553711
34.49925231933594	-52.63726806640625
34.81883239746094	-37.739688873291016
33.78611755371094	-24.15686798095703
33.99995422363281	-20.49156951904297
35.17095947265625	-8.361412048339844
33.740692138671875	3.0389404296875
35.96867370605469	6.46685791015625
33.92723083496094	24.601478576660156
35.50025939941406	28.227645874023438
34.37986755371094	47.585540771484375
34.569580078125	55.49403381347656
33.792205810546875	61.99302673339844
35.748748779296875	67.110107421875
37.793853759765625	-81.53178977966309
37.40110778808594	-77.45717811584473
36.60820007324219	-71.30137825012207
38.27214050292969	-67.17671203613281
36.72380065917969	-60.769100189208984
37.27027893066406	-54.71681594848633
36.93028259277344	-45.79611587524414
37.13981628417969	-40.32448959350586
38.15269470214844	-32.83343505859375
36.77372741699219	-26.114418029785156
38.187286376953125	-19.171798706054688
37.3826904296875	-15.080162048339844
36.89582824707031	-1.6702423095703125
37.84657287597656	1.7451248168945312
36.641387939453125	11.0233154296875
37.711181640625	14.168548583984375
37.15556335449219	19.183441162109375
37.335479736328125	23.289329528808594
37.64031982421875	33.748992919921875
36.97349548339844	39.455810546875
36.37092590332031	51.724517822265625
37.41893005371094	57.80250549316406
38.28623962402344	61.6334228515625
36.22723388671875	72.19961547851562
36.31108093261719	77.46560668945312
40.022125244140625	-73.29336357116699
38.821258544921875	-63.77788543701172
39.77569580078125	-52.12657928466797
39.67857360839844	-48.7779655456543
40.51081848144531	-45.162776947021484
40.54844665527344	-41.843528747558594
40.36921691894531	-37.45681381225586
39.48475646972656	-28.42511749267578
39.3203125	-22.61937713623047
38.68377685546875	-11.667152404785156
38.48243713378906	-8.063552856445312
39.3072509765625	4.888725280761719
38.848114013671875	8.295158386230469
40.24607849121094	16.6524658203125
38.853363037109375	27.94976043701172
38.43571472167969	42.988372802734375
40.15992736816406	48.824615478515625
38.87040710449219	65.18626403808594
39.13714599609375	70.32273864746094
40.96345520019531	-76.7281608581543
42.070404052734375	-70.42799186706543
42.15284729003906	-61.64412307739258
40.96844482421875	-58.27094268798828
42.990325927734375	-52.95695495605469
41.49674987792969	-31.234153747558594
42.143463134765625	-20.51097869873047
41.051788330078125	-16.43499755859375
42.98960876464844	-11.821479797363281
41.475555419921875	-6.4298858642578125
40.83448791503906	-0.35553741455078125
41.281982421875	10.763641357421875
41.81951904296875	21.32587432861328
41.80998229980469	26.38182830810547
42.95982360839844	32.21180725097656
42.0260009765625	38.04130554199219
42.698089599609375	44.491058349609375
41.205780029296875	53.95903015136719
42.39288330078125	68.89692687988281
41.1976318359375	73.90252685546875
42.07450866699219	78.26527404785156
44.34596252441406	-74.99215698242188
43.59571838378906	-65.85490417480469
43.03065490722656	-47.440425872802734
43.993988037109375	-41.688228607177734
45.26655578613281	-37.92267608642578
43.51432800292969	-34.41038513183594
43.02687072753906	-24.4384765625
44.07954406738281	-15.083671569824219
44.77349853515625	-5.944541931152344
43.16505432128906	-2.8826675415039062
45.20188903808594	3.9683685302734375
44.97846984863281	8.597846984863281
44.17127990722656	13.496124267578125
44.26780700683594	18.344406127929688
44.58369445800781	24.287109375
44.83045959472656	29.316238403320312
45.29591369628906	36.37748718261719
44.6143798828125	41.13568115234375
45.24395751953125	48.24388122558594
45.09294128417969	55.31120300292969
43.204864501953125	59.20658874511719
44.558746337890625	63.770233154296875
44.89796447753906	74.48709106445312
46.84259033203125	-72.07432556152344
45.807525634765625	-68.56060600280762
46.6507568359375	-62.347450256347656
45.639190673828125	-58.07583236694336
46.61256408691406	-52.79047393798828
47.43115234375	-44.588714599609375
47.13438415527344	-32.204254150390625
46.38563537597656	-27.521148681640625
45.856109619140625	-22.502288818359375
47.346282958984375	-16.544944763183594
47.01591491699219	-10.137504577636719
45.815643310546875	0.12933349609375
46.93109130859375	43.602691650390625
47.33634948730469	59.73512268066406
47.68180847167969	67.90019226074219
45.59913635253906	71.067626953125
49.965545654296875	-64.21733474731445
49.99041748046875	-54.2728271484375
47.844940185546875	-48.653682708740234
48.34477233886719	-40.361427307128906
48.397247314453125	-36.63613510131836
49.547607421875	-29.649322509765625
48.760955810546875	-24.213035583496094
49.85716247558594	-21.001388549804688
48.56712341308594	-5.6857147216796875
48.51652526855469	4.1342926025390625
48.87046813964844	8.093887329101562
48.08172607421875	14.203468322753906
48.24229431152344	17.552978515625
48.18815612792969	22.70355987548828
48.22935485839844	27.389732360839844
48.81648254394531	30.696304321289062
48.63639831542969	35.08062744140625
49.32313537597656	40.44572448730469
48.38362121582031	46.58576965332031
48.32258605957031	50.403228759765625
49.56776428222656	55.1461181640625
49.167449951171875	73.16780090332031
51.542755126953125	-72.81431770324707
51.783935546875	-69.20341682434082
51.568389892578125	-59.03762435913086
51.232696533203125	-51.186092376708984
51.330322265625	-45.42043685913086
51.60797119140625	-35.777069091796875
51.400634765625	-26.356948852539062
51.618438720703125	-17.023094177246094
50.54986572265625	-13.78338623046875
51.964111328125	-8.480621337890625
50.43571472167969	0.7259902954101562
50.651336669921875	11.954078674316406
51.064422607421875	20.25390625
51.9659423828125	26.12939453125
51.715484619140625	32.59797668457031
51.82720947265625	52.65779113769531
51.02696228027344	60.99920654296875
50.10014343261719	65.12767028808594
53.05267333984375	-62.36262512207031
53.467041015625	-55.789127349853516
53.30833435058594	-48.268333435058594
52.72300720214844	-40.10819625854492
53.8455810546875	-30.934837341308594
52.47662353515625	-23.0784912109375
52.43034362792969	-4.960639953613281
52.97784423828125	-1.41650390625
52.44551086425781	4.561408996582031
52.910736083984375	9.178115844726562
54.03285217285156	14.760612487792969
53.61531066894531	18.053207397460938
53.0745849609375	22.979888916015625
54.60491943359375	28.678863525390625
53.41943359375	36.670013427734375
52.695404052734375	41.71949768066406
53.406951904296875	46.95579528808594
52.99617004394531	57.71220397949219
54.36250305175781	64.13856506347656
53.10142517089844	68.32296752929688
52.717132568359375	72.5343017578125
56.52142333984375	-69.33184051513672
56.14787292480469	-64.27478408813477
55.25093078613281	-58.89564895629883
55.41899108886719	-52.798458099365234
56.42524719238281	-49.49190902709961
56.436126708984375	-20.628402709960938
56.12950134277344	-12.287956237792969
56.80912780761719	-7.4276580810546875
56.49076843261719	4.057746887207031
56.639495849609375	21.501373291015625
55.7935791015625	25.50104522705078
55.65069580078125	40.20452880859375
55.69757080078125	52.28822326660156
56.305389404296875	69.52656555175781
57.73512268066406	-61.325496673583984
58.597625732421875	-57.64645004272461
57.67820739746094	-44.36664962768555
57.296600341796875	-37.90792465209961
58.4659423828125	-34.21772766113281
57.2479248046875	-28.371002197265625
57.403167724609375	-24.930374145507812
57.296142578125	-15.905792236328125
58.34230041503906	-1.7941970825195312
57.83644104003906	7.21990966796875
57.98448181152344	10.731460571289062
59.16557312011719	14.118072509765625
58.08790588378906	18.019332885742188
58.06730651855469	29.114715576171875
57.87322998046875	34.41932678222656
59.21305847167969	38.9315185546875
58.38246154785156	44.76933288574219
58.227813720703125	48.202728271484375
58.75178527832031	56.704498291015625
58.98622131347656	60.038421630859375
59.145721435546875	65.96014404296875
61.47178649902344	-62.13962936401367
59.6015625	-53.363128662109375
59.63240051269531	-47.836368560791016
61.15635681152344	-41.60847091674805
61.11720275878906	-38.07258224487305
60.13621520996094	-30.968170166015625
61.75334167480469	-25.56324005126953
61.04054260253906	-16.549957275390625
59.68315124511719	-13.187461853027344
61.142547607421875	-8.456298828125
61.17039489746094	-3.8662872314453125
60.78083801269531	1.2727813720703125
61.54449462890625	9.600738525390625
60.535797119140625	20.374130249023438
60.88691711425781	23.700454711914062
60.745697021484375	31.25537109375
59.51176452636719	52.710174560546875
63.29034423828125	-57.0381965637207
62.79283142089844	-52.01454162597656
63.592437744140625	-45.5351676940918
63.12437438964844	-35.13340759277344
62.15362548828125	-20.691268920898438
63.02735900878906	-12.662521362304688
62.4093017578125	4.230644226074219
63.62254333496094	13.171279907226562
61.78303527832031	27.595375061035156
62.92256164550781	33.84210205078125
62.77862548828125	38.759979248046875
62.17851257324219	43.7640380859375
63.54205322265625	49.40472412109375
62.342315673828125	55.43402099609375
62.90577697753906	61.23762512207031
64.50979614257812	-48.907711029052734
65.1788330078125	-38.10239028930664
66.397216796875	-33.880523681640625
64.35954284667969	-30.871597290039062
65.89363098144531	-27.824111938476562
64.79092407226562	-16.33763885498047
65.62266540527344	-4.965728759765625
65.09284973144531	0.0897216796875
65.75186157226562	8.608146667480469
64.44248962402344	16.884490966796875
65.95606994628906	21.40728759765625
64.95486450195312	24.770729064941406
66.41078186035156	39.327880859375
64.98104858398438	46.27058410644531
65.65855407714844	55.55793762207031
66.77470397949219	-56.62858581542969
68.76045227050781	-53.402767181396484
67.226806640625	-41.01558303833008
68.31050109863281	-36.70983123779297
66.70166015625	-21.897743225097656
66.67964172363281	-10.067581176757812
66.8023681640625	4.049751281738281
68.6029052734375	6.9036102294921875
66.67550659179688	30.336029052734375
66.47244262695312	35.759552001953125
68.71687316894531	43.191436767578125
66.869873046875	51.537353515625
69.39471435546875	-45.37046432495117
70.84919738769531	-40.94078826904297
69.43086242675781	-31.08574676513672
69.89227294921875	-26.526504516601562
68.91020202636719	-13.674201965332031
70.92375183105469	-10.557395935058594
69.38365173339844	-6.815849304199219
70.47462463378906	-1.078948974609375
70.281005859375	2.7205123901367188
69.18833923339844	10.906837463378906
69.30783081054688	15.095512390136719
69.41751098632812	20.259735107421875
71.10289001464844	26.441360473632812
71.02680969238281	33.749176025390625
71.04823303222656	37.290496826171875
69.37794494628906	48.578216552734375
71.25320434570312	-49.182926177978516
72.67172241210938	-44.707332611083984
72.23089599609375	-37.80241394042969
72.98414611816406	-34.425926208496094
72.79916381835938	-29.077560424804688
72.50192260742188	-22.65465545654297
71.46142578125	-19.33477783203125
72.92552185058594	-5.107421875
71.84403991699219	8.340980529785156
73.47943115234375	12.708259582519531
72.91693115234375	20.221420288085938
71.84408569335938	30.05438232421875
71.75173950195312	41.547607421875
72.75825500488281	48.14360046386719
72.22361755371094	53.20953369140625
74.67366027832031	-41.581390380859375
75.62431335449219	-38.362464904785156
75.2899169921875	-19.499237060546875
74.30909729003906	-16.080406188964844
74.07485961914062	-12.520042419433594
74.51557922363281	1.059967041015625
74.73692321777344	4.944938659667969
74.19590759277344	16.92786407470703
73.88066101074219	23.885177612304688
75.1370849609375	27.528793334960938
74.303955078125	34.904937744140625
75.11473083496094	40.91473388671875
74.83792114257812	44.44618225097656
75.93882751464844	-47.227169036865234
77.71107482910156	-43.730587005615234
77.71861267089844	-30.7275390625
75.85218811035156	-27.396240234375
76.46243286132812	-23.25695037841797
78.15669250488281	-15.783103942871094
75.83984375	-8.303787231445312
77.03819274902344	-3.799560546875
77.86320495605469	-0.2175140380859375
76.5399169921875	20.48841094970703
78.1563720703125	23.849464416503906
77.43629455566406	32.44013977050781
77.05801391601562	36.821685791015625
79.54864501953125	-40.60421371459961
78.9539794921875	-34.183204650878906
79.71849060058594	-25.785354614257812
78.88394165039062	-20.305816650390625
80.27967834472656	-11.485733032226562
80.35453796386719	-5.0634307861328125
79.90400695800781	3.7018661499023438
78.32327270507812	8.276222229003906
79.10334777832031	12.752487182617188
79.42303466796875	17.081031799316406
80.49241638183594	28.119171142578125
78.64396667480469	40.634124755859375
81.51972961425781	-37.81812286376953
82.66162109375	-32.224464416503906
82.48213195800781	-28.415771484375
82.59346008300781	-22.069961547851562
81.51322937011719	-17.26081085205078
82.76380920410156	-2.1385498046875
82.82566833496094	6.962379455566406
81.61448669433594	24.128982543945312
81.84553527832031	32.34672546386719
82.27462768554688	36.058197021484375
85.10763549804688	-25.543617248535156
83.1448974609375	-14.288314819335938
84.24896240234375	-7.2870330810546875
83.31588745117188	2.7860183715820312
84.09957885742188	11.15032958984375
83.37269592285156	17.56055450439453
84.47346496582031	21.004371643066406
86.21151733398438	-21.27404022216797
85.59370422363281	-17.04278564453125
86.66975402832031	-11.73046875
86.4395751953125	-2.4284286499023438
86.08450317382812	8.416961669921875
86.19770812988281	25.264678955078125
88.47950744628906	-15.370002746582031
89.57968139648438	-3.734527587890625
88.65594482421875	1.3182373046875
89.3231201171875	7.437583923339844
88.22909545898438	13.805030822753906
